Some((
    red: 0.654902,
    green: 0.7529412,
    blue: 0.5019608,
))