Some((
    red: 0.13725491,
    green: 0.16470589,
    blue: 0.18039216,
    alpha: 1.0,
))