Some((
    red: 0.3372549,
    green: 0.3882353,
    blue: 0.37254903,
))