Some((
    red: 0.1764706,
    green: 0.20784314,
    blue: 0.23137255,
    alpha: 1.0,
))