Some((
    red: 0.827451,
    green: 0.7764706,
    blue: 0.6666667,
))